mmmmm 99 999999 9991999919 -999

J ³8 mot ssssvffld

mon 99999999 99999 99 9999999999 ι99999999 999919 99999999 ,

99999999 99

991) 9999999999 999 9999 9 9999999 999999 99999999 99919199 9999
’99399999 9999 999 mod 9999999 99 ‘lo 999

········································· 9 ι 9 0011 99999 99 111

om ‘su-11! ’99 mod 9919 ’99999 lund 9119999999)
’99999999 99 99 999999999999 99 9999 9999399

99 ι9919999999 99999 999 aab 99999 199999999999991 99 999999) 999 9999 9999999911 99
99 ι9999 99991 99 9 19991) 99 99999999 ί9199998999 9991199 99999999 *9999999999
99 999 9999 nv ’9999999 99 9999

.................................. 0
11111111191111 1111111911111119111111111111 1111 1111111111 11
ἶῖΠΟψΙΙΘΔ snm SUOU 9111118 991908 suom 811011 0

99999 99999 9999 mod 999999999999 99999 99 99999991 99999
9999999999 99999999999919939199 9999

9999999999 99999991 9999999999 99 9999991 99999 9 9999 69999991,
9999999 99999999 999 99999 99999 9999 999939399 9999 99999

’999999 99993 99999999 99999 99 99999919999999919999991

1 99999 991) 9999 mod 9999999999 9991199 9999 9919999 991991 99 99
99999999 99 9999 9999999 999 9 9999999999 9999 9999991 99 99999

’ 99999999 9919999 999 9999999999 99911 99 99 99993999 ,

ι9999999 99993 99 999999 999 991) 999999 999 99 *9399999999 99 999999

9 *9999999999 999 999993 99 99 99999 999 9999 99999999999199 9119993

999 9 ’9999199999 99 9999999 99999999 999 9999 *99999999 ’

’999999 99 9999999 999999

9991 99999 9999993 99991999 99999 9999 99 9999999 99 9 99999991 999
99999 op 9999999999 *99999999 9991999 99 *991) 99999999 99999999 99
9199 9999991 999 99 99 9999999 999 99999999 999999999919999999999991 ·
‘ammos 99199999 999 mod ι9999999999 99 99999999 999 99 9999999

9999911 99999 9999 99999999 999Ὓ9999999999 9999 9999999999 99
811

9999 9999 9999 991) ι999999-99 999999 999 99999999999999

. 9999999999 99 md 9999999999 ο1099 99 99 *99999
m 9 nn md nn 9999999-99 ⁰1„ 99 9111199991 99 md 999 99999 9999

 

